1054813
1096493
1131181
1226471
1271987
1299953
1314163
1396757
1510583
1707617
1773571
1833341
1886891
1913833
1960493
2025899
1048889
1049143
1051247
1051957
1056509
1057387
1058153
1058791
1058839
1059217
1059847
1059923
1063457
1063523
1063561
1064699
1064801
1066409
1068707
1069451
1069573
1069583
1069667
1070287
1070501
1071149
1071533
1074061
1075409
1077337
1077733
1078993
1079779
1081079
1081291
1082621
1082969
1083287
1083913
1084001
1084219
1084621
1085309
1086199
1087981
1089469
1090697
1090937
1093381
1095313
1095961
1096967
1097147
1098121
1100831
1101917
1105163
1106257
1107677
1110803
1111219
1111639
1111661
1112269
1112513
1112663
1114271
1114361
1114613
1117013
1117483
1120541
1120549
1123979
1124209
1126553
1127537
1128109
1128641
1130369
1131121
1131437
1132627
1133191
1133257
1133477
1134719
1135093
1135427
1135643
1136221
1136227
1136833
1137233
1137341
1139779
1142191
1142353
1142363
1143817
1144607
1145059
1147987
1148957
1149527
1151069
1151519
1151653
1153751
1154539
1156297
1157251
1157929
1157987
1160309
1163969
1164799
1170193
1170541
1171967
1172377
1173811
1174601
1176647
1176793
1177237
1178207
1178417
1178669
1179281
1179413
1179751
1180031
1180237
1180849
1181767
1182283
1183271
1183687
1183733
1184507
1185089
1186181
1186789
1187141
1187189
1187227
1189189
1189327
1191199
1191761
1192099
1192549
1193711
1198793
1199329
1199491
1199801
1200383
1201153
1202029
1203487
1204477
1205969
1206341
1206841
1207511
1208941
1209457
1210163
1211677
1213591
1219271
1220369
1224259
1225097
1225157
1226321
1228891
1230347
1230599
1231207
1231487
1231807
1231843
1236259
1236611
1236959
1237207
1238119
1240517
1240751
1241957
1243717
1245401
1247761
1248469
1248551
1249621
1250593
1252211
1252817
1253453
1255451
1255601
1256809
1257409
1258343
1258889
1259213
1259759
1260719
1262869
1263133
1263629
1264597
1264667
1265681
1265903
1266191
1267961
1268299
1269017
1269461
1270151
1270933
1271117
1273891
1274701
1275011
1276237
1278139
1279679
1279703
1279757
1281751
1281823
1281883
1283111
1283983
1285021
1285213
1285223
1285841
1285853
1286491
1288349
1288429
1289273
1289921
1290371
1290463
1291963
1293203
1294609
1295033
1295377
1296023
1296419
1298197
1298329
1301221
1301893
1303069
1306381
1308137
1308757
1308899
1309601
1310809
1311383
1312673
1312681
1314601
1318487
1320667
1321571
1321769
1321847
1322831
1323893
1324369
1326319
1327349
1330411
1330633
1330831
1331579
1332439
1333663
1333751
1333909
1335289
1335907
1336241
1336817
1338647
1339951
1340021
1341073
1341203
1341869
1343653
1344797
1345027
1345621
1345781
1346161
1346953
1349927
1350379
1350677
1350697
1351069
1351183
1351837
1352149
1353827
1353839
1354229
1354601
1355063
1356647
1357907
1358491
1358831
1358927
1359283
1359367
1360529
1361273
1362161
1362209
1364401
1364417
1364609
1365269
1366087
1366291
1368527
1371137
1372027
1372829
1374067
1375337
1375769
1377403
1384349
1384673
1386457
1390111
1391023
1394489
1396273
1401067
1402771
1403249
1404869
1405009
1405207
1405997
1407023
1409407
1410049
1410169
1411159
1411721
1412689
1412693
1412779
1413571
1415387
1416941
1418579
1419641
1421963
1426741
1429097
1431713
1433207
1434203
1434259
1434637
1435243
1435277
1435339
1435457
1436417
1437187
1437551
1438061
1438609
1439309
1439903
1440107
1440419
1440587
1441567
1441849
1442509
1443007
1443151
1445687
1445707
1446899
1449241
1450103
1454209
1454851
1454969
1455491
1456501
1457333
1458857
1463009
1463981
1464163
1464583
1464689
1464929
1465279
1465847
1466177
1467611
1468913
1469519
1473973
1475237
1476043
1476799
1477403
1477871
1479851
1480013
1480379
1480673
1482181
1483717
1485269
1485347
1485353
1485713
1485719
1487113
1488211
1488451
1488901
1489021
1489673
1490243
1490893
1490963
1491439
1492607
1492951
1493299
1494347
1494371
1495369
1496321
1496767
1499053
1500407
1500937
1503823
1503961
1504103
1504187
1504271
1505711
1509203
1509523
1514657
1517753
1517941
1520131
1520401
1520527
1523609
1526179
1527079
1527311
1527887
1528399
1528427
1528853
1529369
1531367
1532579
1532917
1534549
1534843
1535377
1535609
1536553
1537223
1538227
1539227
1539859
1543543
1544537
1545547
1547479
1548763
1550441
1551001
1551617
1553107
1553191
1554613
1555507
1555699
1556563
1558483
1559347
1560743
1561349
1561741
1564037
1564747
1567661
1567903
1569023
1569241
1570873
1571569
1572679
1574827
1576747
1576843
1577231
1577293
1577963
1579013
1580431
1581611
1582579
1582709
1584613
1585219
1585513
1586311
1588049
1588253
1589303
1589677
1589851
1591883
1592197
1593239
1597657
1600967
1606487
1607107
1607701
1607831
1610429
1610501
1611031
1611469
1612271
1612361
1612537
1614391
1615699
1618891
1619281
1619633
1621259
1622591
1624151
1624331
1624661
1625287
1625837
1626269
1627537
1628093
1629623
1631647
1637299
1637677
1638683
1638907
1638913
1639193
1640167
1641007
1642441
1642463
1643363
1643491
1643513
1644899
1645421
1646017
1646971
1647859
1650983
1651379
1651547
1652279
1653227
1654427
1656911
1657571
1657673
1657861
1658957
1659649
1659653
1660097
1661069
1661353
1663133
1663951
1666477
1669163
1669687
1670519
1670953
1672507
1672523
1672901
1673393
1676267
1677019
1677971
1679539
1680983
1682407
1683359
1684999
1690393
1691069
1691189
1691983
1693883
1693957
1694291
1695839
1697383
1699741
1700189
1705807
1707523
1710493
1710853
1711123
1711961
1713071
1713737
1716059
1716427
1717321
1717439
1719859
1721003
1721921
1722211
1725683
1725859
1726217
1727023
1727563
1729681
1729709
1733327
1734121
1734673
1734727
1735843
1736653
1738127
1739417
1740119
1740251
1742443
1742473
1743241
1744139
1744433
1744507
1746449
1746497
1746893
1747363
1747591
1747633
1748137
1748441
1748479
1750381
1751033
1751551
1751573
1751719
1752941
1753289
1753649
1755563
1757927
1759729
1760419
1761049
1761413
1762661
1762751
1763429
1764733
1766363
1767421
1768373
1768471
1769441
1769701
1770163
1771261
1774303
1776433
1777267
1777487
1777939
1778027
1780439
1780487
1782461
1782589
1782769
1783429
1783921
1784719
1785857
1787719
1787899
1789897
1791551
1791599
1792177
1792663
1793219
1794007
1794349
1795067
1798151
1798253
1798289
1798861
1799227
1799803
1800529
1801411
1801819
1802029
1802419
1802641
1802719
1804037
1804381
1805231
1809851
1811377
1812199
1812403
1813561
1813901
1814807
1816933
1818499
1818871
1819751
1819933
1821497
1823447
1824281
1824859
1828439
1829027
1829057
1833521
1834309
1835299
1836277
1838429
1839611
1841429
1843067
1843489
1843619
1844411
1846063
1846219
1846511
1848929
1850489
1854701
1859609
1860583
1860629
1861709
1862909
1864823
1864921
1866757
1868851
1868947
1872971
1873657
1875361
1875959
1876129
1877443
1877753
1877951
1879463
1880603
1882703
1884451
1884461
1884587
1884749
1884821
1885007
1886449
1886743
1887563
1887797
1889743
1890617
1892203
1892719
1893071
1893737
1894873
1895357
1895507
1897139
1897639
1898893
1899323
1900571
1900937
1903441
1903471
1905361
1907767
1908857
1913627
1915609
1916183
1916909
1917749
1918027
1919377
1922689
1922807
1923197
1924409
1925017
1925333
1927853
1927901
1928041
1931933
1933891
1934671
1935911
1936489
1939493
1940479
1941469
1945649
1946093
1947703
1948231
1948237
1949257
1950539
1952207
1953311
1953463
1954217
1954553
1954877
1955531
1955579
1955831
1956667
1956719
1957651
1961899
1968767
1971901
1972591
1973957
1975619
1976747
1977089
1977917
1978313
1978541
1978877
1979573
1980491
1981141
1981361
1981403
1982587
1982797
1983493
1983701
1984709
1985077
1985407
1985779
1986289
1986713
1986823
1986949
1987471
1988411
1990133
1990553
1990657
1993241
1993601
1994897
1995691
1996613
1999219
1999441
1999499
2000227
2001449
2001463
2002331
2003011
2003033
2003359
2004571
2005001
2011381
2013049
2013593
2014559
2015317
2017669
2018729
2018927
2019907
2020321
2020679
2023171
2023921
2025589
2025649
2028643
2029567
2030789
2034997
2035967
2036051
2037149
2038177
2038417
2041079
2041693
2044411
2046739
2049269
2049953
2051113
2051617
2053699
2056253
2056553
2056841
2057711
2058809
2059709
2059979
2060449
2063291
2064611
2066887
2066899
2068999
2069213
2072869
2074753
2078009
2079013
2080849
2081483
2081671
2086949
2087483
2087999
2088517
2089361
2090461
2092381
2092621
2094973
2095657
2095733
2096089
2096693
